16.0000 0.0312 1320.0000
0.5000 0.0625 1317.0000
8.0000 0.0312 1315.0000
1.0000 0.0312 1313.0000
4.0000 0.0312 1313.0000
1.0000 0.0625 1313.0000
2.0000 0.0312 1311.0000
32.0000 0.0312 1311.0000
0.2500 0.0625 1311.0000
0.5000 0.0312 1309.0000
0.5000 0.1250 1309.0000
16.0000 0.0625 1308.0000
2.0000 0.0625 1307.0000
8.0000 0.0625 1307.0000
4.0000 0.0625 1306.0000
4.0000 0.1250 1306.0000
16.0000 0.1250 1306.0000
2.0000 0.2500 1306.0000
1.0000 0.1250 1305.0000
8.0000 0.1250 1305.0000
2.0000 0.1250 1304.0000
2.0000 0.5000 1304.0000
32.0000 0.0625 1303.0000
0.2500 0.1250 1302.0000
1.0000 0.5000 1302.0000
0.1250 0.1250 1301.0000
1.0000 0.2500 1301.0000
0.2500 0.0312 1299.0000
32.0000 0.1250 1299.0000
0.5000 0.2500 1299.0000
4.0000 0.2500 1299.0000
8.0000 0.2500 1299.0000
0.5000 0.5000 1299.0000
0.0625 0.2500 1298.0000
1.0000 32.0000 1298.0000
0.0312 0.0312 1297.0000
0.0625 0.0312 1297.0000
0.1250 0.0312 1297.0000
0.0312 0.0625 1297.0000
0.0625 0.0625 1297.0000
0.1250 0.0625 1297.0000
0.0312 0.1250 1297.0000
0.0625 0.1250 1297.0000
0.0312 0.2500 1297.0000
0.1250 0.2500 1297.0000
0.0312 0.5000 1297.0000
0.0625 0.5000 1297.0000
0.0312 1.0000 1297.0000
0.0625 1.0000 1297.0000
1.0000 1.0000 1297.0000
0.0312 2.0000 1297.0000
0.0625 2.0000 1297.0000
0.1250 2.0000 1297.0000
0.0312 4.0000 1297.0000
0.0625 4.0000 1297.0000
0.1250 4.0000 1297.0000
0.2500 4.0000 1297.0000
0.5000 4.0000 1297.0000
0.0312 8.0000 1297.0000
0.0625 8.0000 1297.0000
0.1250 8.0000 1297.0000
0.2500 8.0000 1297.0000
0.0312 16.0000 1297.0000
0.0625 16.0000 1297.0000
0.1250 16.0000 1297.0000
0.2500 16.0000 1297.0000
0.5000 16.0000 1297.0000
0.0312 32.0000 1297.0000
0.0625 32.0000 1297.0000
0.1250 32.0000 1297.0000
0.2500 32.0000 1297.0000
0.5000 32.0000 1297.0000
16.0000 0.2500 1296.0000
0.5000 8.0000 1296.0000
1.0000 8.0000 1296.0000
32.0000 0.2500 1294.0000
4.0000 0.5000 1294.0000
0.1250 1.0000 1294.0000
0.2500 2.0000 1294.0000
0.2500 0.2500 1293.0000
0.1250 0.5000 1291.0000
0.2500 0.5000 1291.0000
0.5000 1.0000 1290.0000
0.5000 2.0000 1290.0000
32.0000 0.5000 1287.0000
1.0000 16.0000 1286.0000
8.0000 0.5000 1285.0000
16.0000 0.5000 1285.0000
1.0000 2.0000 1284.0000
0.2500 1.0000 1283.0000
2.0000 32.0000 1283.0000
8.0000 1.0000 1282.0000
16.0000 32.0000 1282.0000
32.0000 32.0000 1282.0000
8.0000 32.0000 1281.0000
2.0000 4.0000 1280.0000
4.0000 32.0000 1280.0000
2.0000 1.0000 1279.0000
4.0000 2.0000 1278.0000
1.0000 4.0000 1278.0000
2.0000 2.0000 1277.0000
2.0000 16.0000 1276.0000
8.0000 2.0000 1275.0000
2.0000 8.0000 1272.0000
4.0000 1.0000 1271.0000
16.0000 1.0000 1263.0000
4.0000 4.0000 1258.0000
32.0000 1.0000 1256.0000
16.0000 2.0000 1254.0000
32.0000 2.0000 1253.0000
4.0000 16.0000 1253.0000
8.0000 16.0000 1247.0000
16.0000 16.0000 1246.0000
4.0000 8.0000 1245.0000
32.0000 16.0000 1245.0000
8.0000 4.0000 1242.0000
16.0000 8.0000 1231.0000
32.0000 8.0000 1228.0000
8.0000 8.0000 1227.0000
16.0000 4.0000 1225.0000
32.0000 4.0000 1216.0000
